Soccer-3
Accuracy:  0.9456800825593397
              precision    recall  f1-score   support

           0       1.00      1.00      1.00        15
           1       1.00      0.94      0.97        16
           2       0.93      1.00      0.97        14
           3       1.00      1.00      1.00        15
           4       0.93      0.74      0.82        19
           5       1.00      1.00      1.00        15
           6       1.00      0.79      0.88        19
           7       0.73      1.00      0.85        11
           8       0.93      0.88      0.90        16
           9       1.00      0.94      0.97        16
          10       0.93      1.00      0.97        14
          11       0.87      0.87      0.87        15
          12       0.87      1.00      0.93        13
          13       1.00      1.00      1.00        15
          14       0.87      0.81      0.84        16
          15       1.00      0.88      0.94        17
          16       1.00      1.00      1.00        15
          17       0.87      1.00      0.93        13
          18       1.00      1.00      1.00        15
          19       0.87      0.87      0.87        15
          20       1.00      0.94      0.97        16
          21       0.80      1.00      0.89        12
          22       0.87      1.00      0.93        13
          23       1.00      1.00      1.00        15
          24       1.00      1.00      1.00        15

    accuracy                           0.94       375
   macro avg       0.94      0.95      0.94       375
weighted avg       0.94      0.94      0.94       375

Soccer0+Soccer1_or_Soccer2
Accuracy:  0.936877482166956
              precision    recall  f1-score   support

           0       1.00      0.94      0.97        16
           1       0.93      1.00      0.97        14
           2       1.00      0.94      0.97        16
           3       1.00      0.94      0.97        16
           4       0.93      1.00      0.97        14
           5       0.80      0.92      0.86        13
           6       0.87      0.81      0.84        16
           7       0.87      0.81      0.84        16
           8       0.93      0.93      0.93        15
           9       1.00      0.79      0.88        19
          10       1.00      1.00      1.00        15
          11       0.80      0.86      0.83        14
          12       0.87      1.00      0.93        13
          13       1.00      0.94      0.97        16
          14       0.93      1.00      0.97        14
          15       0.93      0.88      0.90        16
          16       1.00      1.00      1.00        15
          17       0.87      1.00      0.93        13
          18       1.00      1.00      1.00        15
          19       0.93      0.88      0.90        16
          20       0.93      0.93      0.93        15
          21       0.80      0.92      0.86        13
          22       0.93      1.00      0.97        14
          23       1.00      1.00      1.00        15
          24       1.00      0.94      0.97        16

    accuracy                           0.93       375
   macro avg       0.93      0.94      0.93       375
weighted avg       0.94      0.93      0.93       375

